% t x y o2 h2s co ch4 temp pressure RH
1530690617.308252 -3.208295 -0.177882 20.983437 0.436964 0.549180 0.000000 29.660000 101097.250000 42.773438
1530690624.409059 -3.597650 -0.199867 20.927721 0.429028 0.538837 0.000000 29.650000 101090.367188 42.686523
1530690631.292367 -3.597650 -0.199867 20.971289 0.437956 0.538176 0.000000 29.639999 101093.015625 43.059570
1530690638.297986 -3.597650 -0.199867 20.944571 0.437956 0.566996 0.000000 29.629999 101096.453125 42.782227
1530690645.369129 -3.597650 -0.199867 20.940989 0.440933 0.572931 0.000000 29.620001 101097.406250 42.648438
1530690652.394323 -3.597650 -0.199867 20.943562 0.444405 0.579881 0.000000 29.620001 101100.953125 42.828125
1530690659.352293 -3.597650 -0.199867 20.968275 0.464246 0.591825 0.000000 29.590000 101090.593750 42.898438
1530690666.442619 -3.624525 -0.201359 20.958698 0.437956 0.583900 0.000000 29.580000 101091.531250 42.838867
1530690673.299714 -3.624525 -0.201359 20.930260 0.436964 0.601981 0.000000 29.590000 101088.093750 42.681641
1530690680.300361 -3.624525 -0.201359 20.982262 0.431508 0.590483 0.000000 29.570000 101097.765625 42.619141
1530690687.465991 -3.624525 -0.201359 20.966681 0.419107 0.601324 0.000000 29.559999 101095.156250 42.545898
1530690694.368703 -3.624525 -0.201359 20.977829 0.427540 0.549446 0.000000 29.559999 101096.062500 43.328125
1530690701.396878 -3.624525 -0.201359 20.967243 0.424067 0.562565 0.000000 29.549999 101094.390625 43.110352
1530690708.383838 -4.538414 -0.245900 20.956953 0.413651 0.536282 0.000000 29.540001 101098.781250 43.133789
1530690715.326737 -4.763882 -0.255513 20.986107 0.414147 0.574515 0.000000 29.530001 101098.781250 43.169922
1530690722.407240 -5.278837 -0.272387 20.966948 0.424563 0.557891 0.000000 29.520000 101093.640625 42.842773
1530690729.307275 -5.459847 -0.276928 20.927504 0.411171 0.555062 0.000000 29.510000 101098.015625 43.758789
1530690736.461466 -5.591338 -0.279800 20.986670 0.409682 0.545679 0.000000 29.500000 101096.343750 42.915039
1530690743.333589 -5.642304 -0.280882 20.959795 0.414643 0.539096 0.000000 29.500000 101101.562500 43.311523
1530690750.404854 -5.819946 -0.284223 21.016394 0.430516 0.560755 0.000000 29.490000 101093.812500 43.575195
1530690757.270663 -5.899553 -0.285435 20.981085 0.433988 0.554602 0.000000 29.480000 101097.359375 43.406250
1530690764.438444 -6.232639 -0.289148 20.963076 0.421587 0.531049 0.000000 29.469999 101093.890625 43.345703
1530690771.398902 -6.602630 -0.291146 20.967218 0.418115 0.548203 0.000000 29.469999 101093.054688 43.454102
1530690778.438957 -7.012382 -0.288993 20.981647 0.423571 0.550942 0.000000 29.459999 101094.828125 43.464844
1530690785.459758 -7.036456 -0.288787 20.934185 0.427044 0.576484 0.000000 29.459999 101095.765625 43.524414
1530690792.340514 -7.335792 -0.279513 20.976212 0.418611 0.565729 0.000000 29.450001 101094.906250 43.656250
1530690799.295295 -7.441777 -0.274033 20.986357 0.422579 0.586349 0.000000 29.450001 101093.234375 43.571289
1530690806.336229 -7.626078 -0.265631 20.953760 0.441925 0.553282 0.000000 29.440001 101088.960938 43.787109
1530690813.476525 -7.886910 -0.250868 20.955330 0.431012 0.562285 0.000000 29.430000 101095.007812 43.666016
1530690820.332144 -7.902362 -0.249668 20.960476 0.420099 0.565548 0.000000 29.430000 101096.781250 44.063477
1530690827.436409 -7.902362 -0.249668 20.994638 0.419603 0.546527 0.000000 29.410000 101092.476562 43.507812
1530690834.372836 -7.902362 -0.249668 20.913858 0.415139 0.562210 0.000000 29.410000 101090.804688 43.483398
1530690841.401216 -7.902362 -0.249668 20.979910 0.423571 0.560626 0.000000 29.400000 101096.960938 43.964844
1530690848.473381 -7.902362 -0.249668 20.949739 0.429028 0.551668 0.000000 29.400000 101090.046875 43.904297
1530690855.260461 -7.902362 -0.249668 20.917850 0.423571 0.576311 0.000000 29.389999 101092.656250 43.517578
1530690862.299547 -7.902362 -0.249668 20.950451 0.425556 0.547944 0.000000 29.389999 101096.203125 43.385742
1530690869.337229 -7.902362 -0.249668 20.983761 0.418115 0.564462 0.000000 29.360001 101097.109375 43.757812
1530690876.336628 -8.157228 -0.224111 21.001776 0.421091 0.590982 0.000000 29.379999 101098.812500 43.637695
1530690883.433532 -8.234874 -0.215436 20.886515 0.419107 0.588278 0.000000 29.370001 101097.109375 44.034180
1530690890.442399 -8.234874 -0.215436 21.051245 0.442917 0.567126 0.000000 29.350000 101095.437500 44.249023
1530690897.334981 -8.634870 -0.148307 20.935417 0.435476 0.589513 0.000000 29.350000 101098.046875 44.105469
1530690904.471825 -9.461003 0.082458 20.984322 0.429524 0.571315 0.000000 29.350000 101095.437500 43.803711
1530690911.463201 -9.714305 0.158168 20.947134 0.434484 0.565390 0.000000 29.340000 101092.000000 44.116211
1530690918.429885 -10.021096 0.272596 21.023500 0.420595 0.570840 0.000000 29.350000 101094.609375 44.055664
1530690925.349892 -10.574671 0.495664 20.924826 0.423571 0.555768 0.000000 29.330000 101093.843750 44.151367
1530690932.450786 -10.574671 0.495664 20.977728 0.404722 0.567223 0.000000 29.330000 101097.281250 44.258789
1530690939.307980 -11.117751 0.762192 20.946989 0.418611 0.563745 0.000000 29.330000 101088.625000 44.269531
1530690946.444985 -11.915368 1.233132 20.899796 0.433492 0.583839 0.000000 29.320000 101092.171875 44.463867
1530690953.355689 -12.556235 1.611789 20.976871 0.431012 0.554676 0.000000 29.320000 101092.171875 44.559570
1530690960.328973 -13.119157 1.955030 20.990456 0.421587 0.584657 0.000000 29.320000 101090.476562 44.305664
1530690967.374471 -13.438025 2.157136 20.959562 0.421587 0.559143 0.000000 29.309999 101086.093750 44.388672
1530690974.418193 -13.438025 2.157136 20.966429 0.416131 0.564779 0.000000 29.309999 101093.078125 43.908203
1530690981.294720 -13.438025 2.157136 21.005756 0.433988 0.568891 0.000000 29.309999 101094.859375 44.292969
1530690988.439044 -13.438025 2.157136 20.973146 0.436964 0.597337 0.000000 29.299999 101087.109375 44.459961
1530690995.337568 -14.019221 2.541354 20.930239 0.432500 0.601911 0.000000 29.299999 101098.406250 44.640625
1530691002.382316 -15.048340 3.260690 20.902777 0.408690 0.572586 0.000000 29.290001 101101.843750 44.543945
1530691009.399318 -16.895716 4.803077 20.983295 0.413651 0.582275 0.000000 29.280001 101094.929688 44.567383
1530691016.283974 -18.450885 6.412754 20.949680 0.414643 0.582031 0.000000 29.280001 101088.875000 44.904297
1530691023.351866 -19.026736 7.072067 20.973711 0.416627 0.575747 0.000000 29.280001 101096.703125 45.060547
1530691030.307446 -19.052026 7.100317 20.965984 0.419107 0.566414 0.000000 29.280001 101092.421875 44.627930
1530691037.307615 -19.620904 7.749112 20.990873 0.417619 0.549396 0.000000 29.280001 101089.820312 44.518555
1530691044.460901 -20.267496 8.529529 20.912624 0.416131 0.578460 0.000000 29.280001 101094.203125 44.759766
1530691051.358349 -20.535677 8.900133 20.939232 0.417619 0.558068 0.000000 29.260000 101087.281250 44.432617
1530691058.356709 -21.172757 9.786856 20.968412 0.421587 0.572070 0.000000 29.270000 101086.453125 44.732422
1530691065.322712 -21.623894 10.448304 20.989866 0.416627 0.557066 0.000000 29.260000 101093.367188 45.130859
1530691072.439088 -21.900167 10.881187 20.935652 0.404226 0.556220 0.000000 29.270000 101085.546875 44.264648
1530691079.313429 -21.900167 10.881187 20.935652 0.449365 0.568743 0.000000 29.250000 101089.054688 45.334961
1530691086.292135 -22.153702 11.297683 20.933077 0.415139 0.583517 0.000000 29.260000 101086.453125 44.924805
1530691093.342892 -22.460398 11.839473 20.928637 0.427540 0.590726 0.000000 29.250000 101087.390625 44.972656
1530691100.355378 -22.616405 12.124401 20.906170 0.423075 0.569223 0.000000 29.240000 101090.000000 44.960938
1530691107.358749 -22.989786 12.828640 20.961252 0.433492 0.580684 0.000000 29.240000 101091.765625 45.020508
1530691114.363601 -23.581822 14.143504 20.945654 0.411171 0.554435 0.000000 29.240000 101083.953125 45.043945
1530691121.414241 -23.646832 14.310247 20.883854 0.420595 0.573937 0.000000 29.250000 101086.562500 45.092773
1530691128.326301 -23.646832 14.310247 20.949799 0.437460 0.581549 0.000000 29.240000 101084.859375 44.827148
1530691135.455225 -23.646832 14.310247 20.952522 0.426548 0.569394 0.000000 29.230000 101087.468750 44.790039
1530691142.413687 -23.646832 14.310247 20.986704 0.430516 0.581906 0.000000 29.240000 101086.625000 45.175781
1530691149.439302 -23.646832 14.310247 20.947224 0.433492 0.558903 0.000000 29.219999 101087.562500 45.174805
1530691156.310919 -23.769225 14.615950 20.937632 0.431508 0.554729 0.000000 29.219999 101088.398438 45.125977
1530691163.372302 -24.454986 16.565348 20.952223 0.433988 0.566330 0.000000 29.230000 101087.562500 45.342773
1530691170.347390 -24.891718 18.119541 20.954088 0.410179 0.543297 0.000000 29.219999 101090.171875 45.053711
1530691177.343328 -24.980938 18.466533 20.852503 0.419107 0.582923 0.000000 29.209999 101092.781250 44.789062
1530691184.379884 -25.128379 19.014037 20.918747 0.424563 0.549352 0.000000 29.209999 101086.703125 45.643555
1530691191.427606 -25.207482 19.315356 20.951220 0.427540 0.564513 0.000000 29.209999 101087.640625 45.534180
1530691198.453120 -25.265547 19.542371 20.970961 0.429028 0.575838 0.000000 29.209999 101089.304688 45.509766
1530691205.342168 -25.352752 19.890704 20.963236 0.430020 0.563898 0.000000 29.200001 101091.914062 45.508789
1530691212.426188 -25.543303 20.745432 20.931330 0.434980 0.591448 0.000000 29.200001 101085.031250 45.521484
1530691219.413721 -25.546283 20.759448 20.925467 0.432996 0.605720 0.000000 29.200001 101093.687500 46.051758
1530691226.385023 -25.546283 20.759448 20.928751 0.428036 0.614376 0.000000 29.200001 101089.406250 46.039062
1530691233.431366 -25.707397 21.558682 20.910723 0.445893 0.583359 0.000000 29.200001 101090.250000 45.965820
1530691240.315316 -25.848501 22.367229 20.930317 0.429028 0.606321 0.000000 29.190001 101093.687500 45.617188
1530691247.457338 -25.891119 22.618836 20.920168 0.433492 0.596416 0.000000 29.200001 101084.203125 45.508789
1530691254.461107 -26.046237 23.526816 20.940474 0.440933 0.604645 0.000000 29.190001 101083.359375 45.642578
1530691261.355331 -26.136659 24.107928 20.913301 0.432500 0.563283 0.000000 29.190001 101085.109375 45.160156
1530691268.566782 -26.365562 25.723313 20.961226 0.433988 0.587414 0.000000 29.190001 101085.109375 45.591797
1530691275.400099 -26.565557 27.512944 20.958649 0.425059 0.606136 0.000000 29.180000 101085.968750 46.013672
1530691282.317911 -26.635806 29.564981 20.922592 0.426052 0.589124 0.000000 29.180000 101090.312500 45.195312
1530691289.441295 -26.621421 31.609093 20.944616 0.418115 0.590776 0.000000 29.190001 101087.710938 45.724609
1530691296.347639 -26.519233 33.343611 20.908709 0.425556 0.574813 0.000000 29.190001 101086.875000 45.723633
1530691303.474039 -26.388042 34.819510 20.892548 0.424067 0.572885 0.000000 29.180000 101088.578125 45.748047
1530691310.349791 -26.388042 34.819510 20.923304 0.435972 0.579449 0.000000 29.180000 101087.710938 45.375977
1530691317.457996 -26.388042 34.819510 20.973957 0.448869 0.578677 0.000000 29.190001 101084.265625 46.253906
1530691324.353575 -26.388042 34.819510 20.974812 0.456806 0.573241 0.000000 29.180000 101087.812500 45.566406
1530691331.398436 -26.388042 34.819510 20.936180 0.446389 0.591549 0.000000 29.180000 101089.484375 46.122070
1530691338.349828 -26.388042 34.819510 20.917294 0.442917 0.601027 0.000000 29.180000 101086.039062 45.807617
1530691345.420337 -26.388042 34.819510 20.924870 0.446389 0.589607 0.000000 29.170000 101082.601562 45.878906
1530691352.382067 -26.388042 34.819510 20.925880 0.440436 0.608239 0.000000 29.170000 101092.093750 45.710938
1530691359.354069 -26.326052 35.633942 20.937746 0.421091 0.577864 0.000000 29.170000 101087.812500 45.470703
1530691366.376036 -26.165731 37.314733 20.961784 0.437460 0.574304 0.000000 29.170000 101086.039062 45.579102
1530691373.434563 -26.025245 38.433874 20.939466 0.429028 0.583307 0.000000 29.170000 101085.210938 45.926758
1530691380.313902 -25.878798 39.476157 20.873209 0.448869 0.564688 0.000000 29.160000 101079.156250 45.987305
1530691387.374129 -25.800242 40.015708 20.924723 0.420595 0.576570 0.000000 29.150000 101080.906250 46.215820
1530691394.460375 -25.617176 40.955017 20.970371 0.409682 0.580116 0.000000 29.160000 101078.296875 46.227539
1530691401.406640 -25.401723 41.775385 20.903408 0.419107 0.570546 0.000000 29.160000 101086.109375 46.395508
1530691408.421930 -25.306834 42.143174 20.917854 0.402242 0.562963 0.000000 29.170000 101083.507812 46.072266
1530691415.392707 -25.101450 42.883795 20.821545 0.411667 0.570254 0.000000 29.160000 101084.445312 46.107422
1530691422.416981 -24.905234 43.559518 20.936743 0.400258 0.575618 0.000000 29.160000 101080.906250 46.287109
1530691429.339405 -24.450738 44.890633 20.959776 0.401250 0.548153 0.000000 29.150000 101089.593750 46.094727
1530691436.400525 -24.011917 45.987904 20.948761 0.402242 0.556860 0.000000 29.150000 101085.281250 45.999023
1530691443.436568 -23.560420 46.915333 20.928009 0.406706 0.563703 0.000000 29.160000 101080.906250 46.467773
1530691450.415303 -22.967668 47.798262 21.007143 0.423571 0.533742 0.000000 29.150000 101094.796875 45.939453
1530691457.481698 -22.341663 48.608867 20.938608 0.421091 0.569390 0.000000 29.150000 101092.187500 45.734375
1530691464.325819 -21.562271 49.496397 20.934168 0.422083 0.543498 0.000000 29.160000 101085.281250 46.022461
1530691471.433212 -20.987669 50.113523 20.932449 0.416627 0.532062 0.000000 29.150000 101088.718750 46.035156
1530691478.480638 -20.242646 50.770655 20.954771 0.421587 0.552236 0.000000 29.160000 101090.500000 46.011719
1530691485.441607 -19.570140 51.315855 20.923004 0.430516 0.532124 0.000000 29.160000 101095.640625 46.444336
1530691492.358747 -18.848154 51.882942 20.910126 0.423075 0.526437 0.000000 29.150000 101093.937500 45.891602
1530691499.309145 -17.716927 52.690611 20.951189 0.433492 0.519884 0.000000 29.150000 101088.718750 45.684570
1530691506.317342 -16.222271 53.623474 20.907551 0.441925 0.511873 0.000000 29.139999 101091.328125 45.756836
1530691513.400353 -14.657980 54.290207 20.929014 0.425556 0.526946 0.000000 29.150000 101088.718750 46.577148
1530691520.456289 -14.657980 54.290207 20.925579 0.431012 0.530737 0.000000 29.150000 101091.328125 46.467773
1530691527.424094 -13.859947 54.614506 20.915277 0.418611 0.546087 0.000000 29.150000 101090.500000 46.600586
1530691534.433632 -12.718646 55.068781 20.911695 0.432500 0.532540 0.000000 29.150000 101093.101562 46.191406
1530691541.439787 -11.774305 55.352180 20.921999 0.420099 0.520010 0.000000 29.170000 101094.796875 46.191406
1530691548.361730 -11.052549 55.497659 20.955482 0.407698 0.525050 0.000000 29.150000 101090.500000 46.648438
1530691555.453782 -10.821469 55.548225 20.920427 0.409186 0.516572 0.000000 29.150000 101092.265625 46.202148
1530691562.395116 -11.052980 55.488248 20.918711 0.407202 0.518253 0.000000 29.150000 101091.328125 45.974609
1530691569.342722 -10.774586 55.560123 20.945328 0.401746 0.516231 0.000000 29.150000 101091.328125 46.202148
1530691576.411269 -10.105440 55.731016 20.924723 0.390337 0.514092 0.000000 29.150000 101092.265625 45.625977
1530691583.430138 -8.612369 56.028616 20.904118 0.389345 0.517543 0.000000 29.150000 101091.328125 46.683594
1530691590.465652 -8.106825 56.107285 20.926289 0.374960 0.529380 0.000000 29.160000 101093.101562 46.166992
1530691597.406917 -7.516484 56.161491 20.940029 0.381409 0.532062 0.000000 29.150000 101093.937500 46.021484
1530691604.349281 -6.902254 56.167501 20.928869 0.377440 0.497262 0.000000 29.150000 101090.500000 46.299805
1530691611.424693 -6.537696 56.139341 20.901392 0.382897 0.510191 0.000000 29.150000 101093.101562 46.491211
1530691618.439739 -6.537696 56.139341 20.960634 0.379921 0.524509 0.000000 29.150000 101097.476562 46.334961
1530691625.354891 -6.537696 56.139341 20.952049 0.362559 0.510654 0.000000 29.150000 101093.101562 46.648438
1530691632.376361 -6.537696 56.139341 20.958769 0.373968 0.496782 0.000000 29.139999 101096.640625 46.756836
1530691639.476357 -6.537696 56.139341 20.897959 0.366528 0.493712 0.000000 29.139999 101093.101562 46.587891
1530691646.381381 -7.432041 56.206772 20.915129 0.368512 0.507463 0.000000 29.139999 101095.703125 46.743164
1530691653.328134 -8.188463 56.254098 20.922148 0.376448 0.492186 0.000000 29.150000 101092.265625 46.972656
1530691660.406448 -8.766394 56.305385 20.951038 0.357103 0.488875 0.000000 29.160000 101089.656250 46.515625
1530691667.354076 -9.675560 56.431804 20.921137 0.371984 0.489014 0.000000 29.150000 101087.054688 46.478516
1530691674.389330 -9.675988 56.431904 20.947044 0.363552 0.512625 0.000000 29.150000 101089.656250 46.419922
1530691681.399424 -10.111028 56.530713 20.885078 0.365536 0.500684 0.000000 29.150000 101088.718750 46.407227
1530691688.418492 -10.327206 56.575283 20.914270 0.368016 0.495904 0.000000 29.150000 101087.890625 46.407227
1530691695.326652 -10.972645 56.745508 20.964926 0.375456 0.500510 0.000000 29.150000 101095.703125 46.056641
1530691702.356600 -11.161946 56.813871 20.839575 0.365536 0.484991 0.000000 29.150000 101091.328125 46.514648
1530691709.382165 -11.774384 57.027314 20.945179 0.368512 0.500250 0.000000 29.150000 101088.718750 46.492188
1530691716.469903 -12.885517 57.383081 20.871340 0.377440 0.481709 0.000000 29.150000 101087.890625 46.456055
1530691723.459167 -15.069656 58.410512 20.865629 0.379921 0.502811 0.000000 29.160000 101085.281250 46.553711
1530691730.429799 -17.634321 60.158654 20.911695 0.380417 0.489477 0.000000 29.170000 101085.281250 46.925781
1530691737.374083 -19.833943 62.236234 20.885078 0.385873 0.487535 0.000000 29.160000 101082.671875 46.215820
1530691744.407917 -22.102385 64.616765 20.924870 0.386865 0.475902 0.000000 29.160000 101086.109375 46.756836
1530691751.365694 -24.021047 67.448715 20.905832 0.407202 0.510994 0.000000 29.170000 101087.054688 46.528320
1530691758.486656 -24.085920 67.581273 20.911695 0.427044 0.488293 0.000000 29.150000 101080.062500 46.503906
1530691765.367383 -24.085920 67.581273 20.843008 0.433988 0.482929 0.000000 29.139999 101083.609375 46.598633
1530691772.350595 -24.085920 67.581273 20.891949 0.474663 0.478684 0.000000 29.150000 101079.234375 46.442383
1530691779.467635 -24.085920 67.581273 20.937452 0.484087 0.455286 0.000000 29.139999 101081.000000 46.780273
1530691786.398200 -24.085920 67.581273 20.949322 0.472679 0.487932 0.000000 29.150000 101081.000000 47.117188
1530691793.462213 -24.085920 67.581273 20.964069 0.495992 0.515908 0.000000 29.139999 101074.953125 46.719727
1530691800.399050 -24.085920 67.581273 20.913261 0.483095 0.475281 0.000000 29.139999 101081.000000 46.634766
1530691807.408922 -24.085920 67.581273 20.881643 0.483095 0.498614 0.000000 29.150000 101086.218750 47.091797
1530691814.338482 -24.085920 67.581273 20.923716 0.471686 0.526358 0.000000 29.150000 101078.398438 46.913086
1530691821.337463 -24.085920 67.581273 20.965786 0.480119 0.505226 0.000000 29.139999 101082.781250 47.248047
1530691828.416744 -24.085920 67.581273 20.867754 0.518809 0.515521 0.000000 29.139999 101080.171875 46.779297
1530691835.349329 -24.085920 67.581273 20.886797 0.530218 0.500527 0.000000 29.139999 101081.000000 46.984375
1530691842.435449 -24.085920 67.581273 20.940029 0.606607 0.512440 0.000000 29.139999 101084.445312 47.007812
1530691849.368918 -24.085920 67.581273 20.919422 0.592718 0.509683 0.000000 29.150000 101076.703125 46.887695
1530691856.471941 -24.085920 67.581273 20.896090 0.585774 0.496995 0.000000 29.139999 101079.234375 47.416992
1530691863.447622 -24.085920 67.581273 20.888363 0.549563 0.511960 0.000000 29.139999 101081.843750 47.453125
1530691870.426190 -24.085920 67.581273 20.913113 0.560476 0.501943 0.000000 29.139999 101083.609375 47.116211
1530691877.365777 -24.085920 67.581273 20.854170 0.534186 0.494591 0.000000 29.139999 101082.671875 47.563477
1530691884.413945 -24.085920 67.581273 20.900381 0.503432 0.516278 0.000000 29.139999 101076.625000 47.224609
1530691891.477536 -24.085920 67.581273 20.921846 0.505417 0.508139 0.000000 29.139999 101087.054688 47.141602
1530691898.439170 -24.085920 67.581273 20.881495 0.515337 0.515862 0.000000 29.139999 101084.445312 47.177734
