1530692240.620222 0.000000 0.000000 -94
1530692240.620222 0.000000 0.000000 -68
1530692243.729604 0.000000 0.000000 -94
1530692243.729604 0.000000 0.000000 -68
1530692246.703608 0.000000 0.000000 -94
1530692246.703608 0.000000 0.000000 -70
1530692249.752969 0.000000 0.000000 -94
1530692249.752969 0.000000 0.000000 -68
1530692252.786200 0.000000 0.000000 -94
1530692252.786200 0.000000 0.000000 -72
1530692255.875691 0.000000 0.000000 -94
1530692255.875691 0.000000 0.000000 -66
1530692258.946776 0.000000 0.000000 -94
1530692258.946776 0.000000 0.000000 -64
1530692261.929429 0.000000 0.000000 -94
1530692261.929429 0.000000 0.000000 -69
1530692264.870675 0.000000 0.000000 -94
1530692264.870675 0.000000 0.000000 -69
1530692268.011012 0.000000 0.000000 -94
1530692268.011012 0.000000 0.000000 -64
1530692270.932828 0.000000 0.000000 -94
1530692270.932828 0.000000 0.000000 -68
1530692273.942828 0.000000 0.000000 -94
1530692273.942828 0.000000 0.000000 -62
1530692276.941459 0.000000 0.000000 -94
1530692276.941459 0.000000 0.000000 -63
1530692280.027860 0.000000 0.000000 -94
1530692280.027860 0.000000 0.000000 -71
1530692283.100096 0.000000 0.000000 -94
1530692283.100096 0.000000 0.000000 -63
1530692286.178319 0.000000 0.000000 -94
1530692286.178319 0.000000 0.000000 -65
1530692289.150719 0.000000 0.000000 -94
1530692289.150719 0.000000 0.000000 -62
1530692292.111197 0.000000 0.000000 -94
1530692292.111197 0.000000 0.000000 -69
1530692295.242992 0.000000 0.000000 -94
1530692295.242992 0.000000 0.000000 -75
1530692298.162990 0.000000 0.000000 -94
1530692298.162990 0.000000 0.000000 -86
1530692301.305622 0.000000 0.000000 -94
1530692301.305622 0.000000 0.000000 -82
1530692304.954091 0.000000 0.000000 -94
1530692304.954091 0.000000 0.000000 -81
1530692307.412155 0.000000 0.000000 -94
1530692307.412155 0.000000 0.000000 -70
1530692310.414302 0.000000 0.000000 -94
1530692310.414302 0.000000 0.000000 -74
1530692313.378200 0.000000 0.000000 -94
1530692313.378200 0.000000 0.000000 -73
1530692316.549373 0.065343 0.002983 -94
1530692316.549373 0.065343 0.002983 -78
1530692319.527728 0.065343 0.002983 -94
1530692319.527728 0.065343 0.002983 -81
1530692322.530623 0.065343 0.002983 -94
1530692322.530623 0.065343 0.002983 -79
1530692325.448492 0.065343 0.002983 -94
1530692325.448492 0.065343 0.002983 -86
1530692328.538729 0.065343 0.002983 -94
1530692328.538729 0.065343 0.002983 -79
1530692331.561454 0.065343 0.002983 -94
1530692331.561454 0.065343 0.002983 -78
1530692334.527655 0.065343 0.002983 -94
1530692334.527655 0.065343 0.002983 -88
1530692337.513963 0.065343 0.002983 -94
1530692337.513963 0.065343 0.002983 -75
1530692340.636927 0.065343 0.002983 -94
1530692340.636927 0.065343 0.002983 -78
1530692343.716912 0.065343 0.002983 -94
1530692343.716912 0.065343 0.002983 -81
1530692346.700083 0.065343 0.002983 -94
1530692346.700083 0.065343 0.002983 -80
1530692349.771753 0.065343 0.002983 -94
1530692349.771753 0.065343 0.002983 -64
1530692352.788301 0.065343 0.002983 -94
1530692352.788301 0.065343 0.002983 -62
1530692355.812297 0.065343 0.002983 -94
1530692355.812297 0.065343 0.002983 -72
1530692358.788262 0.065343 0.002983 -94
1530692358.788262 0.065343 0.002983 -82
1530692361.690578 0.065343 0.002983 -94
1530692361.690578 0.065343 0.002983 -80
1530692364.727637 0.065343 0.002983 -94
1530692364.727637 0.065343 0.002983 -84
1530692367.880204 0.065343 0.002983 -94
1530692367.880204 0.065343 0.002983 -73
1530692370.892097 0.065343 0.002983 -94
1530692370.892097 0.065343 0.002983 -76
1530692373.890990 0.065343 0.002983 -94
1530692373.890990 0.065343 0.002983 -73
1530692377.019279 0.065343 0.002983 -94
1530692377.019279 0.065343 0.002983 -73
1530692379.988255 0.065343 0.002983 -94
1530692379.988255 0.065343 0.002983 -75
1530692382.896181 0.065343 0.002983 -94
1530692382.896181 0.065343 0.002983 -76
1530692386.047114 0.065343 0.002983 -94
1530692386.047114 0.065343 0.002983 -83
1530692388.932760 0.065343 0.002983 -94
1530692388.932760 0.065343 0.002983 -75
1530692391.937533 0.065343 0.002983 -94
1530692391.937533 0.065343 0.002983 -75
1530692395.103918 0.065343 0.002983 -94
1530692395.103918 0.065343 0.002983 -79
1530692397.562324 0.065343 0.002983 -94
1530692397.562324 0.065343 0.002983 -71
1530692397.562324 0.065343 0.002983 -94
1530692397.562324 0.065343 0.002983 -68
1530692397.562324 0.065343 0.002983 -94
1530692397.562324 0.065343 0.002983 -67
1530692397.562324 0.065343 0.002983 -94
1530692397.562324 0.065343 0.002983 -67
1530692397.562324 0.065343 0.002983 -94
1530692397.562324 0.065343 0.002983 -68
1530692397.562324 0.065343 0.002983 -94
1530692397.562324 0.065343 0.002983 -67
1530692397.562324 0.065343 0.002983 -94
1530692397.562324 0.065343 0.002983 -72
1530692397.562324 0.065343 0.002983 -94
1530692397.562324 0.065343 0.002983 -67
1530692397.562324 0.065343 0.002983 -94
1530692397.562324 0.065343 0.002983 -70
1530692397.562324 0.065343 0.002983 -94
1530692397.562324 0.065343 0.002983 -70
1530692397.562324 0.065343 0.002983 -94
1530692397.562324 0.065343 0.002983 -70
1530692397.562324 0.065343 0.002983 -94
1530692397.562324 0.065343 0.002983 -69
1530692397.562324 0.065343 0.002983 -94
1530692397.562324 0.065343 0.002983 -67
1530692397.562324 0.065343 0.002983 -94
1530692397.562324 0.065343 0.002983 -66
1530692397.562324 0.065343 0.002983 -94
1530692397.562324 0.065343 0.002983 -66
1530692397.562324 0.065343 0.002983 -94
1530692397.562324 0.065343 0.002983 -69
1530692397.562324 0.065343 0.002983 -94
1530692397.562324 0.065343 0.002983 -65
1530692397.562324 0.065343 0.002983 -94
1530692397.562324 0.065343 0.002983 -67
1530692397.562324 0.065343 0.002983 -94
1530692397.562324 0.065343 0.002983 -66
1530692397.562324 0.065343 0.002983 -94
1530692397.562324 0.065343 0.002983 -69
1530692397.562324 0.065343 0.002983 -94
1530692397.562324 0.065343 0.002983 -68
1530692397.562324 0.065343 0.002983 -94
1530692397.562324 0.065343 0.002983 -67
1530692397.562324 0.065343 0.002983 -94
1530692397.562324 0.065343 0.002983 -67
1530692397.562324 0.065343 0.002983 -94
1530692397.562324 0.065343 0.002983 -64
1530692397.562324 0.065343 0.002983 -94
1530692397.562324 0.065343 0.002983 -72
1530692397.562324 0.065343 0.002983 -94
1530692397.562324 0.065343 0.002983 -72
1530692397.562324 0.065343 0.002983 -94
1530692397.562324 0.065343 0.002983 -67
1530692397.562324 0.065343 0.002983 -94
1530692397.562324 0.065343 0.002983 -68
1530692397.562324 0.065343 0.002983 -94
1530692397.562324 0.065343 0.002983 -72
1530692397.562324 0.065343 0.002983 -94
1530692397.562324 0.065343 0.002983 -66
1530692397.562324 0.065343 0.002983 -94
1530692397.562324 0.065343 0.002983 -69
1530692397.562324 0.065343 0.002983 -94
1530692397.562324 0.065343 0.002983 -73
1530692397.562324 0.065343 0.002983 -94
1530692397.562324 0.065343 0.002983 -67
1530692397.562324 0.065343 0.002983 -94
1530692397.562324 0.065343 0.002983 -66
1530692397.562324 0.065343 0.002983 -94
1530692397.562324 0.065343 0.002983 -70
1530692397.562324 0.065343 0.002983 -94
1530692397.562324 0.065343 0.002983 -66
1530692397.562324 0.065343 0.002983 -94
1530692397.562324 0.065343 0.002983 -71
1530692397.562324 0.065343 0.002983 -94
1530692397.562324 0.065343 0.002983 -68
1530692397.562324 0.065343 0.002983 -94
1530692397.562324 0.065343 0.002983 -67
1530692397.562324 0.065343 0.002983 -94
1530692397.562324 0.065343 0.002983 -68
1530692397.562324 0.065343 0.002983 -94
1530692397.562324 0.065343 0.002983 -65
1530692397.562324 0.065343 0.002983 -94
1530692397.562324 0.065343 0.002983 -66
1530692397.562324 0.065343 0.002983 -94
1530692397.562324 0.065343 0.002983 -68
1530692397.562324 0.065343 0.002983 -94
1530692397.562324 0.065343 0.002983 -66
1530692397.562324 0.065343 0.002983 -94
1530692397.562324 0.065343 0.002983 -66
1530692397.562324 0.065343 0.002983 -94
1530692397.562324 0.065343 0.002983 -66
1530692397.562324 0.065343 0.002983 -94
1530692397.562324 0.065343 0.002983 -72
1530692397.562324 0.065343 0.002983 -94
1530692397.562324 0.065343 0.002983 -66
1530692397.562324 0.065343 0.002983 -94
1530692397.562324 0.065343 0.002983 -71
1530692397.562324 0.065343 0.002983 -94
1530692397.562324 0.065343 0.002983 -71
1530692397.562324 0.065343 0.002983 -94
1530692397.562324 0.065343 0.002983 -68
1530692397.562324 0.065343 0.002983 -94
1530692397.562324 0.065343 0.002983 -67
1530692397.562324 0.065343 0.002983 -94
1530692397.562324 0.065343 0.002983 -67
1530692397.562324 0.065343 0.002983 -94
1530692397.562324 0.065343 0.002983 -68
1530692397.562324 0.065343 0.002983 -94
1530692397.562324 0.065343 0.002983 -67
1530692397.562324 0.065343 0.002983 -94
1530692397.562324 0.065343 0.002983 -72
1530692397.562324 0.065343 0.002983 -94
1530692397.562324 0.065343 0.002983 -67
1530692397.562324 0.065343 0.002983 -94
1530692397.562324 0.065343 0.002983 -70
1530692397.562324 0.065343 0.002983 -94
1530692397.562324 0.065343 0.002983 -70
1530692397.562324 0.065343 0.002983 -94
1530692397.562324 0.065343 0.002983 -70
1530692397.562324 0.065343 0.002983 -94
1530692397.562324 0.065343 0.002983 -69
1530692397.562324 0.065343 0.002983 -94
1530692397.562324 0.065343 0.002983 -67
1530692397.562324 0.065343 0.002983 -94
1530692397.562324 0.065343 0.002983 -66
1530692397.562324 0.065343 0.002983 -94
1530692397.562324 0.065343 0.002983 -66
1530692397.562324 0.065343 0.002983 -94
1530692397.562324 0.065343 0.002983 -69
1530692397.562324 0.065343 0.002983 -94
1530692397.562324 0.065343 0.002983 -65
1530692397.562324 0.065343 0.002983 -94
1530692397.562324 0.065343 0.002983 -67
1530692397.562324 0.065343 0.002983 -94
1530692397.562324 0.065343 0.002983 -66
1530692397.562324 0.065343 0.002983 -94
1530692397.562324 0.065343 0.002983 -69
1530692397.562324 0.065343 0.002983 -94
1530692397.562324 0.065343 0.002983 -68
1530692397.562324 0.065343 0.002983 -94
1530692397.562324 0.065343 0.002983 -67
1530692397.562324 0.065343 0.002983 -94
1530692397.562324 0.065343 0.002983 -67
1530692397.562324 0.065343 0.002983 -94
1530692397.562324 0.065343 0.002983 -64
1530692397.562324 0.065343 0.002983 -94
1530692397.562324 0.065343 0.002983 -72
1530692397.562324 0.065343 0.002983 -94
1530692397.562324 0.065343 0.002983 -72
1530692397.562324 0.065343 0.002983 -94
1530692397.562324 0.065343 0.002983 -67
1530692397.562324 0.065343 0.002983 -94
1530692397.562324 0.065343 0.002983 -68
1530692397.562324 0.065343 0.002983 -94
1530692397.562324 0.065343 0.002983 -72
1530692397.562324 0.065343 0.002983 -94
1530692397.562324 0.065343 0.002983 -66
1530692397.562324 0.065343 0.002983 -94
1530692397.562324 0.065343 0.002983 -69
1530692397.562324 0.065343 0.002983 -94
1530692397.562324 0.065343 0.002983 -73
1530692397.562324 0.065343 0.002983 -94
1530692397.562324 0.065343 0.002983 -67
1530692397.562324 0.065343 0.002983 -94
1530692397.562324 0.065343 0.002983 -66
1530692397.562324 0.065343 0.002983 -94
1530692397.562324 0.065343 0.002983 -70
1530692397.562324 0.065343 0.002983 -94
1530692397.562324 0.065343 0.002983 -66
1530692397.562324 0.065343 0.002983 -94
1530692397.562324 0.065343 0.002983 -71
1530692397.562324 0.065343 0.002983 -94
1530692397.562324 0.065343 0.002983 -68
1530692397.562324 0.065343 0.002983 -94
1530692397.562324 0.065343 0.002983 -67
1530692397.562324 0.065343 0.002983 -94
1530692397.562324 0.065343 0.002983 -68
1530692397.562324 0.065343 0.002983 -94
1530692397.562324 0.065343 0.002983 -65
1530692397.562324 0.065343 0.002983 -94
1530692397.562324 0.065343 0.002983 -66
1530692397.562324 0.065343 0.002983 -94
1530692397.562324 0.065343 0.002983 -68
1530692397.562324 0.065343 0.002983 -94
1530692397.562324 0.065343 0.002983 -66
1530692397.562324 0.065343 0.002983 -94
1530692397.562324 0.065343 0.002983 -66
1530692397.562324 0.065343 0.002983 -94
1530692397.562324 0.065343 0.002983 -66
1530692397.562324 0.065343 0.002983 -94
1530692397.562324 0.065343 0.002983 -72
1530692397.562324 0.065343 0.002983 -94
1530692397.562324 0.065343 0.002983 -66
1530692397.562324 0.065343 0.002983 -94
1530692397.562324 0.065343 0.002983 -70
1530692397.562324 0.065343 0.002983 -94
1530692397.562324 0.065343 0.002983 -68
1530692397.562324 0.065343 0.002983 -94
1530692397.562324 0.065343 0.002983 -71
1530692397.562324 0.065343 0.002983 -94
1530692397.562324 0.065343 0.002983 -67
1530692397.562324 0.065343 0.002983 -94
1530692397.562324 0.065343 0.002983 -69
1530692397.562324 0.065343 0.002983 -94
1530692397.562324 0.065343 0.002983 -66
1530692397.562324 0.065343 0.002983 -94
1530692397.562324 0.065343 0.002983 -66
1530692397.562324 0.065343 0.002983 -94
1530692397.562324 0.065343 0.002983 -73
1530692397.562324 0.065343 0.002983 -94
1530692397.562324 0.065343 0.002983 -66
1530692397.562324 0.065343 0.002983 -94
1530692397.562324 0.065343 0.002983 -69
1530692397.562324 0.065343 0.002983 -94
1530692397.562324 0.065343 0.002983 -70
1530692397.562324 0.065343 0.002983 -94
1530692397.562324 0.065343 0.002983 -67
1530692397.562324 0.065343 0.002983 -94
1530692397.562324 0.065343 0.002983 -65
1530692397.562324 0.065343 0.002983 -94
1530692397.562324 0.065343 0.002983 -66
1530692397.562324 0.065343 0.002983 -94
1530692397.562324 0.065343 0.002983 -65
1530692397.562324 0.065343 0.002983 -94
1530692397.562324 0.065343 0.002983 -65
1530692397.562324 0.065343 0.002983 -94
1530692397.562324 0.065343 0.002983 -65
1530692397.562324 0.065343 0.002983 -94
1530692397.562324 0.065343 0.002983 -70
1530692397.562324 0.065343 0.002983 -94
1530692397.562324 0.065343 0.002983 -64
1530692397.562324 0.065343 0.002983 -94
1530692397.562324 0.065343 0.002983 -64
1530692397.562324 0.065343 0.002983 -94
1530692397.562324 0.065343 0.002983 -64
1530692397.562324 0.065343 0.002983 -94
1530692397.562324 0.065343 0.002983 -65
1530692397.562324 0.065343 0.002983 -94
1530692397.562324 0.065343 0.002983 -67
1530692397.562324 0.065343 0.002983 -94
1530692397.562324 0.065343 0.002983 -65
1530692397.562324 0.065343 0.002983 -94
1530692397.562324 0.065343 0.002983 -66
1530692397.562324 0.065343 0.002983 -94
1530692397.562324 0.065343 0.002983 -66
1530692397.562324 0.065343 0.002983 -94
1530692397.562324 0.065343 0.002983 -64
1530692397.562324 0.065343 0.002983 -94
1530692397.562324 0.065343 0.002983 -65
1530692397.562324 0.065343 0.002983 -94
1530692397.562324 0.065343 0.002983 -71
1530692397.562324 0.065343 0.002983 -94
1530692397.562324 0.065343 0.002983 -68
1530692397.562324 0.065343 0.002983 -94
1530692397.562324 0.065343 0.002983 -67
1530692397.562324 0.065343 0.002983 -94
1530692397.562324 0.065343 0.002983 -67
1530692397.562324 0.065343 0.002983 -94
1530692397.562324 0.065343 0.002983 -68
1530692397.562324 0.065343 0.002983 -94
1530692397.562324 0.065343 0.002983 -67
1530692397.562324 0.065343 0.002983 -94
1530692397.562324 0.065343 0.002983 -72
1530692397.562324 0.065343 0.002983 -94
1530692397.562324 0.065343 0.002983 -67
1530692397.562324 0.065343 0.002983 -94
1530692397.562324 0.065343 0.002983 -70
1530692397.562324 0.065343 0.002983 -94
1530692397.562324 0.065343 0.002983 -70
1530692397.562324 0.065343 0.002983 -94
1530692397.562324 0.065343 0.002983 -70
1530692397.562324 0.065343 0.002983 -94
1530692397.562324 0.065343 0.002983 -69
1530692397.562324 0.065343 0.002983 -94
1530692397.562324 0.065343 0.002983 -67
1530692397.562324 0.065343 0.002983 -94
1530692397.562324 0.065343 0.002983 -66
1530692397.562324 0.065343 0.002983 -94
1530692397.562324 0.065343 0.002983 -66
1530692397.562324 0.065343 0.002983 -94
1530692397.562324 0.065343 0.002983 -69
1530692397.562324 0.065343 0.002983 -94
1530692397.562324 0.065343 0.002983 -65
1530692397.562324 0.065343 0.002983 -94
1530692397.562324 0.065343 0.002983 -67
1530692397.562324 0.065343 0.002983 -94
1530692397.562324 0.065343 0.002983 -66
1530692397.562324 0.065343 0.002983 -94
1530692397.562324 0.065343 0.002983 -69
1530692397.562324 0.065343 0.002983 -94
1530692397.562324 0.065343 0.002983 -68
1530692397.562324 0.065343 0.002983 -94
1530692397.562324 0.065343 0.002983 -67
1530692397.562324 0.065343 0.002983 -94
1530692397.562324 0.065343 0.002983 -67
1530692397.562324 0.065343 0.002983 -94
1530692397.562324 0.065343 0.002983 -64
1530692397.562324 0.065343 0.002983 -94
1530692397.562324 0.065343 0.002983 -72
1530692397.562324 0.065343 0.002983 -94
1530692397.562324 0.065343 0.002983 -72
1530692397.562324 0.065343 0.002983 -94
1530692397.562324 0.065343 0.002983 -67
1530692397.562324 0.065343 0.002983 -94
1530692397.562324 0.065343 0.002983 -68
1530692397.562324 0.065343 0.002983 -94
1530692397.562324 0.065343 0.002983 -72
1530692397.562324 0.065343 0.002983 -94
1530692397.562324 0.065343 0.002983 -66
1530692397.562324 0.065343 0.002983 -94
1530692397.562324 0.065343 0.002983 -69
1530692397.562324 0.065343 0.002983 -94
1530692397.562324 0.065343 0.002983 -73
1530692397.562324 0.065343 0.002983 -94
1530692397.562324 0.065343 0.002983 -67
1530692397.562324 0.065343 0.002983 -94
1530692397.562324 0.065343 0.002983 -66
1530692397.562324 0.065343 0.002983 -94
1530692397.562324 0.065343 0.002983 -70
1530692397.562324 0.065343 0.002983 -94
1530692397.562324 0.065343 0.002983 -66
1530692397.562324 0.065343 0.002983 -94
1530692397.562324 0.065343 0.002983 -71
1530692397.562324 0.065343 0.002983 -94
1530692397.562324 0.065343 0.002983 -68
1530692397.562324 0.065343 0.002983 -94
1530692397.562324 0.065343 0.002983 -67
1530692397.562324 0.065343 0.002983 -94
1530692397.562324 0.065343 0.002983 -68
1530692397.562324 0.065343 0.002983 -94
1530692397.562324 0.065343 0.002983 -65
1530692397.562324 0.065343 0.002983 -94
1530692397.562324 0.065343 0.002983 -66
1530692397.562324 0.065343 0.002983 -94
1530692397.562324 0.065343 0.002983 -68
1530692397.562324 0.065343 0.002983 -94
1530692397.562324 0.065343 0.002983 -66
1530692397.562324 0.065343 0.002983 -94
1530692397.562324 0.065343 0.002983 -66
1530692397.562324 0.065343 0.002983 -94
1530692397.562324 0.065343 0.002983 -66
1530692397.562324 0.065343 0.002983 -94
1530692397.562324 0.065343 0.002983 -72
1530692397.562324 0.065343 0.002983 -94
1530692397.562324 0.065343 0.002983 -66
1530692397.562324 0.065343 0.002983 -94
1530692397.562324 0.065343 0.002983 -70
1530692397.562324 0.065343 0.002983 -94
1530692397.562324 0.065343 0.002983 -68
1530692397.562324 0.065343 0.002983 -94
1530692397.562324 0.065343 0.002983 -71
1530692397.562324 0.065343 0.002983 -94
1530692397.562324 0.065343 0.002983 -67
1530692397.562324 0.065343 0.002983 -94
1530692397.562324 0.065343 0.002983 -69
1530692397.562324 0.065343 0.002983 -94
1530692397.562324 0.065343 0.002983 -66
1530692397.562324 0.065343 0.002983 -94
1530692397.562324 0.065343 0.002983 -71
1530692397.562324 0.065343 0.002983 -94
1530692397.562324 0.065343 0.002983 -68
1530692397.562324 0.065343 0.002983 -94
1530692397.562324 0.065343 0.002983 -67
1530692397.562324 0.065343 0.002983 -94
1530692397.562324 0.065343 0.002983 -67
1530692397.562324 0.065343 0.002983 -94
1530692397.562324 0.065343 0.002983 -68
1530692397.562324 0.065343 0.002983 -94
1530692397.562324 0.065343 0.002983 -67
1530692397.562324 0.065343 0.002983 -94
1530692397.562324 0.065343 0.002983 -72
1530692397.562324 0.065343 0.002983 -94
1530692397.562324 0.065343 0.002983 -67
1530692397.562324 0.065343 0.002983 -94
1530692397.562324 0.065343 0.002983 -70
1530692397.562324 0.065343 0.002983 -94
1530692397.562324 0.065343 0.002983 -70
1530692397.562324 0.065343 0.002983 -94
1530692397.562324 0.065343 0.002983 -70
1530692397.562324 0.065343 0.002983 -94
1530692397.562324 0.065343 0.002983 -69
1530692397.562324 0.065343 0.002983 -94
1530692397.562324 0.065343 0.002983 -67
1530692397.562324 0.065343 0.002983 -94
1530692397.562324 0.065343 0.002983 -66
1530692397.562324 0.065343 0.002983 -94
1530692397.562324 0.065343 0.002983 -66
1530692397.562324 0.065343 0.002983 -94
1530692397.562324 0.065343 0.002983 -69
1530692397.562324 0.065343 0.002983 -94
1530692397.562324 0.065343 0.002983 -65
1530692397.562324 0.065343 0.002983 -94
1530692397.562324 0.065343 0.002983 -67
1530692397.562324 0.065343 0.002983 -94
1530692397.562324 0.065343 0.002983 -66
1530692397.562324 0.065343 0.002983 -94
1530692397.562324 0.065343 0.002983 -69
1530692397.562324 0.065343 0.002983 -94
1530692397.562324 0.065343 0.002983 -68
1530692397.562324 0.065343 0.002983 -94
1530692397.562324 0.065343 0.002983 -67
1530692397.562324 0.065343 0.002983 -94
1530692397.562324 0.065343 0.002983 -67
1530692397.562324 0.065343 0.002983 -94
1530692397.562324 0.065343 0.002983 -64
1530692397.562324 0.065343 0.002983 -94
1530692397.562324 0.065343 0.002983 -72
1530692397.562324 0.065343 0.002983 -94
1530692397.562324 0.065343 0.002983 -72
1530692397.562324 0.065343 0.002983 -94
1530692397.562324 0.065343 0.002983 -67
1530692397.562324 0.065343 0.002983 -94
1530692397.562324 0.065343 0.002983 -68
1530692397.562324 0.065343 0.002983 -94
1530692397.562324 0.065343 0.002983 -72
1530692397.562324 0.065343 0.002983 -94
1530692397.562324 0.065343 0.002983 -66
1530692397.562324 0.065343 0.002983 -94
1530692397.562324 0.065343 0.002983 -69
1530692397.562324 0.065343 0.002983 -94
1530692397.562324 0.065343 0.002983 -73
1530692397.562324 0.065343 0.002983 -94
1530692397.562324 0.065343 0.002983 -67
1530692397.562324 0.065343 0.002983 -94
1530692397.562324 0.065343 0.002983 -66
1530692397.562324 0.065343 0.002983 -94
1530692397.562324 0.065343 0.002983 -70
1530692397.562324 0.065343 0.002983 -94
1530692397.562324 0.065343 0.002983 -66
1530692397.562324 0.065343 0.002983 -94
1530692397.562324 0.065343 0.002983 -71
1530692397.562324 0.065343 0.002983 -94
1530692397.562324 0.065343 0.002983 -68
1530692397.562324 0.065343 0.002983 -94
1530692397.562324 0.065343 0.002983 -67
1530692397.562324 0.065343 0.002983 -94
1530692397.562324 0.065343 0.002983 -68
1530692397.562324 0.065343 0.002983 -94
1530692397.562324 0.065343 0.002983 -65
1530692397.562324 0.065343 0.002983 -94
1530692397.562324 0.065343 0.002983 -66
1530692397.562324 0.065343 0.002983 -94
1530692397.562324 0.065343 0.002983 -68
1530692397.562324 0.065343 0.002983 -94
1530692397.562324 0.065343 0.002983 -66
1530692397.562324 0.065343 0.002983 -94
1530692397.562324 0.065343 0.002983 -66
1530692397.562324 0.065343 0.002983 -94
1530692397.562324 0.065343 0.002983 -66
1530692397.562324 0.065343 0.002983 -94
1530692397.562324 0.065343 0.002983 -72
1530692397.562324 0.065343 0.002983 -94
1530692397.562324 0.065343 0.002983 -66
1530692397.562324 0.065343 0.002983 -94
1530692397.562324 0.065343 0.002983 -70
1530692397.562324 0.065343 0.002983 -94
1530692397.562324 0.065343 0.002983 -68
1530692397.562324 0.065343 0.002983 -94
1530692397.562324 0.065343 0.002983 -71
1530692397.562324 0.065343 0.002983 -94
1530692397.562324 0.065343 0.002983 -67
1530692397.562324 0.065343 0.002983 -94
1530692397.562324 0.065343 0.002983 -69
1530692397.562324 0.065343 0.002983 -94
1530692397.562324 0.065343 0.002983 -66
1530692397.562324 0.065343 0.002983 -94
1530692397.562324 0.065343 0.002983 -66
1530692397.562324 0.065343 0.002983 -94
1530692397.562324 0.065343 0.002983 -73
1530692397.562324 0.065343 0.002983 -94
1530692397.562324 0.065343 0.002983 -66
1530692397.562324 0.065343 0.002983 -94
1530692397.562324 0.065343 0.002983 -69
1530692397.562324 0.065343 0.002983 -94
1530692397.562324 0.065343 0.002983 -70
1530692397.562324 0.065343 0.002983 -94
1530692397.562324 0.065343 0.002983 -67
1530692397.562324 0.065343 0.002983 -94
1530692397.562324 0.065343 0.002983 -65
