1530690616.287086 -3.208295 -0.177882 -23
1530690619.314561 -3.208295 -0.177882 -22
1530690622.266905 -3.597650 -0.199867 -23
1530690625.463262 -3.597650 -0.199867 -22
1530690628.414390 -3.597650 -0.199867 -28
1530690631.494206 -3.597650 -0.199867 -23
1530690634.522087 -3.597650 -0.199867 -27
1530690637.479174 -3.597650 -0.199867 -24
1530690640.660400 -3.597650 -0.199867 -23
1530690643.549800 -3.597650 -0.199867 -22
1530690646.629200 -3.597650 -0.199867 -23
1530690649.717666 -3.597650 -0.199867 -25
1530690652.560233 -3.597650 -0.199867 -22
1530690655.791342 -3.597650 -0.199867 -23
1530690658.706077 -3.597650 -0.199867 -26
1530690661.855787 -3.624525 -0.201359 -21
1530690664.830879 -3.624525 -0.201359 -20
1530690667.877005 -3.624525 -0.201359 -20
1530690670.804450 -3.624525 -0.201359 -25
1530690673.935064 -3.624525 -0.201359 -24
1530690676.952514 -3.624525 -0.201359 -22
1530690679.977203 -3.624525 -0.201359 -20
1530690683.004696 -3.624525 -0.201359 -21
1530690685.989960 -3.624525 -0.201359 -20
1530690689.010052 -3.624525 -0.201359 -21
1530690692.067613 -3.624525 -0.201359 -22
1530690695.097739 -3.624525 -0.201359 -22
1530690698.114868 -3.624525 -0.201359 -26
1530690701.074778 -3.624525 -0.201359 -25
1530690704.310378 -3.929142 -0.217451 -17
1530690707.180378 -4.399213 -0.239485 -24
1530690710.402833 -4.718992 -0.253699 -13
1530690713.242714 -4.718992 -0.253699 -6
1530690716.351276 -4.831260 -0.258111 -11
1530690719.419473 -5.043400 -0.265647 -18
1530690722.407240 -5.278837 -0.272387 -27
1530690725.389174 -5.315866 -0.273342 -21
1530690728.411594 -5.400153 -0.275475 -23
1530690731.481644 -5.591338 -0.279800 -20
1530690734.570667 -5.591338 -0.279800 -24
1530690737.596313 -5.591338 -0.279800 -27
1530690740.657630 -5.591338 -0.279800 -22
1530690743.655260 -5.649932 -0.281039 -31
1530690746.664475 -5.724350 -0.282534 -24
1530690749.666080 -5.801746 -0.283926 -31
1530690752.788339 -5.886132 -0.285238 -29
1530690755.700701 -5.899553 -0.285435 -36
1530690758.836514 -5.900464 -0.285449 -33
1530690761.903032 -6.063280 -0.287523 -24
1530690764.812206 -6.254561 -0.289324 -15
1530690767.847381 -6.423361 -0.290481 -17
1530690770.946985 -6.572388 -0.291097 -26
1530690773.977524 -6.766978 -0.290781 -23
1530690776.998107 -6.976761 -0.289317 -25
1530690779.979857 -7.012382 -0.288993 -23
1530690783.057638 -7.012382 -0.288993 -24
1530690785.924040 -7.059488 -0.288592 -24
1530690788.929723 -7.197478 -0.286057 -26
1530690792.092252 -7.316176 -0.280497 -24
1530690795.110996 -7.441777 -0.274033 -27
1530690798.160014 -7.441777 -0.274033 -24
1530690801.087701 -7.441777 -0.274033 -27
1530690804.248477 -7.461248 -0.273068 -26
1530690807.250376 -7.691970 -0.262426 -25
1530690810.320729 -7.762663 -0.258966 -21
1530690813.274991 -7.878975 -0.251448 -23
1530690816.266501 -7.902362 -0.249668 -18
1530690819.284961 -7.902362 -0.249668 -17
1530690822.339904 -7.902362 -0.249668 -17
1530690825.334134 -7.902362 -0.249668 -17
1530690828.376369 -7.902362 -0.249668 -6
1530690831.292144 -7.902362 -0.249668 -16
1530690834.372836 -7.902362 -0.249668 -16
1530690837.481281 -7.902362 -0.249668 -16
1530690840.544652 -7.902362 -0.249668 -17
1530690843.474580 -7.902362 -0.249668 -16
1530690846.519972 -7.902362 -0.249668 -18
1530690849.649246 -7.902362 -0.249668 -19
1530690852.525470 -7.902362 -0.249668 -17
1530690855.819043 -7.902362 -0.249668 -19
1530690858.797473 -7.902362 -0.249668 -24
1530690861.816517 -7.902362 -0.249668 -20
1530690864.886581 -7.902362 -0.249668 -28
1530690867.958259 -7.902362 -0.249668 -30
1530690870.970793 -7.902362 -0.249668 -27
1530690873.982448 -8.056118 -0.234958 -32
1530690877.067660 -8.195120 -0.219858 -35
1530690880.109294 -8.234874 -0.215436 -30
1530690883.022666 -8.234874 -0.215436 -34
1530690886.065756 -8.234874 -0.215436 -30
1530690889.182083 -8.234874 -0.215436 -30
1530690892.196191 -8.234874 -0.215436 -29
1530690895.312138 -8.373525 -0.194023 -28
1530690898.206614 -8.740628 -0.124735 -25
1530690901.323851 -9.095851 -0.032759 -26
1530690904.269035 -9.437478 0.074892 -36
1530690907.298573 -9.560486 0.114608 -34
1530690910.406226 -9.715516 0.158564 -30
1530690913.523247 -9.756419 0.173022 -29
1530690916.347008 -9.867518 0.213747 -28
1530690919.441826 -10.101733 0.304521 -32
1530690922.577519 -10.420209 0.433667 -26
1530690925.523056 -10.574671 0.495664 -26
1530690928.478934 -10.574671 0.495664 -25
1530690931.515120 -10.574671 0.495664 -28
1530690934.671706 -10.663740 0.536013 -27
1530690937.725666 -10.951789 0.674957 -32
1530690940.624306 -11.260185 0.842748 -32
1530690943.611505 -11.609533 1.052273 -32
1530690946.807223 -11.957415 1.258088 -40
1530690949.834628 -12.230419 1.418233 -46
1530690952.818266 -12.502838 1.579973 -43
1530690955.782900 -12.774641 1.742329 -40
1530690958.934567 -13.000223 1.880120 -40
1530690961.761958 -13.235912 2.028282 -31
1530690965.064571 -13.438025 2.157136 -87
1530690965.064571 -13.438025 2.157136 -34
1530690968.022849 -13.438025 2.157136 -87
1530690968.022849 -13.438025 2.157136 -32
1530690971.026554 -13.438025 2.157136 -91
1530690971.026554 -13.438025 2.157136 -34
1530690974.055651 -13.438025 2.157136 -88
1530690974.055651 -13.438025 2.157136 -35
1530690977.122101 -13.438025 2.157136 -88
1530690977.122101 -13.438025 2.157136 -32
1530690980.244499 -13.438025 2.157136 -90
1530690980.244499 -13.438025 2.157136 -32
1530690983.182408 -13.438025 2.157136 -89
1530690983.182408 -13.438025 2.157136 -36
1530690986.165195 -13.438025 2.157136 -87
1530690986.165195 -13.438025 2.157136 -32
1530690989.378011 -13.452087 2.166022 -89
1530690989.378011 -13.452087 2.166022 -36
1530690992.325941 -13.667211 2.303278 -90
1530690992.325941 -13.667211 2.303278 -36
1530690995.337568 -14.019221 2.541354 -84
1530690995.337568 -14.019221 2.541354 -33
1530690998.352732 -14.364597 2.779905 -85
1530690998.352732 -14.364597 2.779905 -35
1530691001.369549 -14.799989 3.084772 -85
1530691001.369549 -14.799989 3.084772 -48
1530691004.400098 -15.580617 3.671025 -90
1530691004.400098 -15.580617 3.671025 -42
1530691007.444178 -16.420789 4.369955 -92
1530691007.444178 -16.420789 4.369955 -40
1530691010.486738 -17.153690 5.053549 -92
1530691010.486738 -17.153690 5.053549 -41
1530691013.490242 -17.798466 5.715512 -92
1530691013.490242 -17.798466 5.715512 -52
1530691016.487527 -18.490251 6.456356 -92
1530691016.487527 -18.490251 6.456356 -41
1530691019.483833 -19.026736 7.072067 -86
1530691019.483833 -19.026736 7.072067 -45
1530691022.635699 -19.026736 7.072067 -90
1530691022.635699 -19.026736 7.072067 -43
1530691025.604286 -19.026736 7.072067 -89
1530691025.604286 -19.026736 7.072067 -43
1530691028.576915 -19.026736 7.072067 -87
1530691028.576915 -19.026736 7.072067 -47
1530691031.741839 -19.242884 7.314803 -87
1530691031.741839 -19.242884 7.314803 -53
1530691034.762143 -19.620904 7.749112 -91
1530691034.762143 -19.620904 7.749112 -47
1530691037.677029 -19.620904 7.749112 -91
1530691037.677029 -19.620904 7.749112 -44
1530691040.819391 -19.924791 8.104133 -90
1530691040.819391 -19.924791 8.104133 -45
1530691043.770822 -20.223075 8.468795 -89
1530691043.933824 -20.223873 8.469886 -42
1530691046.791772 -20.535677 8.900133 -93
1530691046.791772 -20.535677 8.900133 -55
1530691049.895378 -20.535677 8.900133 -93
1530691049.895378 -20.535677 8.900133 -57
1530691052.955177 -20.719671 9.150495 -93
1530691052.955177 -20.719671 9.150495 -55
1530691055.945682 -20.987082 9.519580 -87
1530691055.945682 -20.987082 9.519580 -61
1530691058.974776 -21.214852 9.848811 -91
1530691058.974776 -21.214852 9.848811 -59
1530691061.963448 -21.476113 10.236892 -92
1530691061.963448 -21.476113 10.236892 -47
1530691065.101750 -21.623673 10.447993 -89
1530691065.101750 -21.623673 10.447993 -52
1530691068.128184 -21.900167 10.881187 -89
1530691068.128184 -21.900167 10.881187 -52
1530691071.089562 -21.900167 10.881187 -88
1530691071.089562 -21.900167 10.881187 -48
1530691074.017411 -21.900167 10.881187 -90
1530691074.017411 -21.900167 10.881187 -47
1530691076.999460 -21.900167 10.881187 -91
1530691076.999460 -21.900167 10.881187 -48
1530691080.202947 -21.900167 10.881187 -91
1530691080.202947 -21.900167 10.881187 -54
1530691083.247909 -21.909011 10.895267 -90
1530691083.247909 -21.909011 10.895267 -54
1530691086.292135 -22.153702 11.297683 -90
1530691086.292135 -22.153702 11.297683 -50
1530691089.274724 -22.366360 11.668144 -88
1530691089.274724 -22.366360 11.668144 -51
1530691092.299834 -22.460398 11.839473 -91
1530691092.299834 -22.460398 11.839473 -49
1530691095.294152 -22.460398 11.839473 -90
1530691095.294152 -22.460398 11.839473 -52
1530691098.395161 -22.616405 12.124401 -90
1530691098.395161 -22.616405 12.124401 -49
1530691101.332912 -22.650841 12.187562 -90
1530691101.332912 -22.650841 12.187562 -52
1530691104.502509 -22.806468 12.475196 -93
1530691104.502509 -22.806468 12.475196 -53
1530691107.358749 -22.989786 12.828640 -90
1530691107.358749 -22.989786 12.828640 -54
1530691110.501236 -23.278336 13.430164 -90
1530691110.501236 -23.278336 13.430164 -49
1530691113.592212 -23.524732 14.001375 -90
1530691113.592212 -23.524732 14.001375 -45
1530691116.374478 -23.646832 14.310247 -88
1530691116.374478 -23.646832 14.310247 -45
1530691119.434586 -23.646832 14.310247 -91
1530691119.434586 -23.646832 14.310247 -44
1530691122.629882 -23.646832 14.310247 -92
1530691122.629882 -23.646832 14.310247 -44
1530691125.591907 -23.646832 14.310247 -93
1530691125.591907 -23.646832 14.310247 -43
1530691128.693888 -23.646832 14.310247 -94
1530691128.693888 -23.646832 14.310247 -51
1530691131.746341 -23.646832 14.310247 -90
1530691131.746341 -23.646832 14.310247 -48
1530691134.684422 -23.646832 14.310247 -92
1530691134.684422 -23.646832 14.310247 -49
1530691137.759927 -23.646832 14.310247 -90
1530691137.759927 -23.646832 14.310247 -45
1530691140.788995 -23.646832 14.310247 -91
1530691140.788995 -23.646832 14.310247 -49
1530691143.833768 -23.646832 14.310247 -88
1530691143.833768 -23.646832 14.310247 -46
1530691146.822054 -23.646832 14.310247 -89
1530691146.822054 -23.646832 14.310247 -46
1530691149.963540 -23.646832 14.310247 -91
1530691149.963540 -23.646832 14.310247 -44
1530691152.978054 -23.646832 14.310247 -93
1530691152.978054 -23.646832 14.310247 -47
1530691155.974649 -23.740979 14.546311 -92
1530691155.974649 -23.740979 14.546311 -44
1530691159.038188 -24.033684 15.287028 -91
1530691159.038188 -24.033684 15.287028 -52
1530691161.946944 -24.322205 16.130598 -89
1530691161.946944 -24.322205 16.130598 -54
1530691165.048815 -24.524727 16.802484 -90
1530691165.048815 -24.524727 16.802484 -55
1530691168.113366 -24.724978 17.493768 -88
1530691168.113366 -24.724978 17.493768 -54
1530691171.232606 -24.955145 18.365631 -88
1530691171.232606 -24.955145 18.365631 -55
1530691174.085724 -24.980938 18.466533 -91
1530691174.085724 -24.980938 18.466533 -49
1530691177.100257 -24.980938 18.466533 -88
1530691177.100257 -24.980938 18.466533 -52
1530691180.088973 -25.005459 18.556084 -89
1530691180.088973 -25.005459 18.556084 -50
1530691183.320281 -25.079855 18.830605 -87
1530691183.320281 -25.081720 18.837626 -56
1530691186.299541 -25.162970 19.146414 -91
1530691186.299541 -25.162970 19.146414 -54
1530691189.331002 -25.162970 19.146414 -92
1530691189.331002 -25.162970 19.146414 -51
1530691192.334312 -25.231306 19.408127 -90
1530691192.334312 -25.231306 19.408127 -55
1530691195.195333 -25.265547 19.542371 -88
1530691195.195333 -25.265547 19.542371 -55
1530691198.453120 -25.265547 19.542371 -90
1530691198.453120 -25.265547 19.542371 -55
1530691201.470628 -25.265547 19.542371 -90
1530691201.470628 -25.265547 19.542371 -56
1530691204.456758 -25.315552 19.739281 -92
1530691204.456758 -25.315552 19.739281 -60
1530691207.495611 -25.406002 20.118558 -90
1530691207.495611 -25.406002 20.118558 -56
1530691210.427797 -25.493699 20.517226 -91
1530691210.427797 -25.493699 20.517226 -57
1530691213.487449 -25.543391 20.745844 -93
1530691213.487449 -25.543391 20.745844 -52
1530691216.627458 -25.543391 20.745844 -90
1530691216.627458 -25.543391 20.745844 -51
1530691219.575617 -25.546283 20.759448 -90
1530691219.575617 -25.546283 20.759448 -56
1530691222.638110 -25.546283 20.759448 -90
1530691222.638110 -25.546283 20.759448 -52
1530691225.692259 -25.546283 20.759448 -90
1530691225.692259 -25.546283 20.759448 -55
1530691228.549339 -25.546283 20.759448 -93
1530691228.549339 -25.546283 20.759448 -56
1530691231.637949 -25.646206 21.238849 -92
1530691231.637949 -25.646206 21.238849 -52
1530691234.821208 -25.729585 21.677951 -92
1530691234.821208 -25.729585 21.677951 -51
1530691237.779739 -25.815251 22.166369 -87
1530691237.779739 -25.815251 22.166369 -51
1530691240.802523 -25.858139 22.424180 -91
1530691240.802523 -25.858139 22.424180 -55
1530691243.846626 -25.891119 22.618836 -90
1530691243.846626 -25.891119 22.618836 -54
1530691246.884736 -25.891119 22.618836 -93
1530691246.884736 -25.891119 22.618836 -53
1530691249.802621 -25.891119 22.618836 -91
1530691249.802621 -25.891119 22.618836 -57
1530691252.996961 -25.989713 23.197050 -91
1530691252.996961 -25.989713 23.197050 -50
1530691255.877150 -26.085825 23.773620 -91
1530691255.877150 -26.085825 23.773620 -53
1530691259.074154 -26.120406 23.999644 -91
1530691259.074154 -26.120406 23.999644 -54
1530691262.005717 -26.161530 24.271345 -91
1530691262.005717 -26.161530 24.271345 -53
1530691265.006841 -26.259212 24.938923 -91
1530691265.006841 -26.259212 24.938923 -59
1530691267.983269 -26.348435 25.596457 -91
1530691267.983269 -26.348435 25.596457 -54
1530691270.988649 -26.442836 26.355135 -91
1530691270.988649 -26.442836 26.355135 -58
1530691274.022288 -26.528040 27.124425 -91
1530691274.022288 -26.528040 27.124425 -56
1530691277.094391 -26.594445 28.018957 -91
1530691277.094391 -26.594445 28.018957 -62
1530691280.250283 -26.624259 28.945977 -93
1530691280.250283 -26.624259 28.945977 -58
1530691283.244377 -26.640322 29.843892 -94
1530691283.244377 -26.640371 29.847984 -60
1530691286.200516 -26.640429 30.704817 -94
1530691286.200516 -26.640429 30.704817 -64
1530691289.240126 -26.623024 31.564901 -94
1530691289.240126 -26.623024 31.564901 -61
1530691292.287881 -26.589109 32.360272 -94
1530691292.287881 -26.589109 32.360272 -59
1530691295.294487 -26.537450 33.111206 -94
1530691295.294487 -26.537450 33.111206 -59
1530691298.344975 -26.477280 33.849672 -94
1530691298.344975 -26.477280 33.849672 -56
1530691301.481606 -26.408004 34.601984 -94
1530691301.481606 -26.408004 34.601984 -52
1530691304.449566 -26.388042 34.819510 -94
1530691304.449566 -26.388042 34.819510 -61
1530691307.502170 -26.388042 34.819510 -94
1530691307.502170 -26.388042 34.819510 -60
1530691310.551199 -26.388042 34.819510 -94
1530691310.551199 -26.388042 34.819510 -53
1530691313.485484 -26.388042 34.819510 -94
1530691313.485484 -26.388042 34.819510 -56
1530691316.401616 -26.388042 34.819510 -94
1530691316.401616 -26.388042 34.819510 -54
1530691319.524074 -26.388042 34.819510 -94
1530691319.524074 -26.388042 34.819510 -55
1530691322.567518 -26.388042 34.819510 -94
1530691322.567518 -26.388042 34.819510 -60
1530691325.571605 -26.388042 34.819510 -94
1530691325.571605 -26.388042 34.819510 -55
1530691328.689432 -26.388042 34.819510 -94
1530691328.689432 -26.388042 34.819510 -57
1530691331.559190 -26.388042 34.819510 -94
1530691331.559190 -26.388042 34.819510 -55
1530691334.636645 -26.388042 34.819510 -94
1530691334.636645 -26.388042 34.819510 -55
1530691337.820757 -26.388042 34.819510 -94
1530691337.820757 -26.388042 34.819510 -57
1530691340.735945 -26.388042 34.819510 -94
1530691340.735945 -26.388042 34.819510 -54
1530691343.834564 -26.388042 34.819510 -94
1530691343.834564 -26.388042 34.819510 -53
1530691346.954031 -26.388042 34.819510 -94
1530691346.994243 -26.388042 34.819510 -56
1530691349.952666 -26.388042 34.819510 -94
1530691349.952666 -26.388042 34.819510 -52
1530691352.908820 -26.388042 34.819510 -94
1530691352.908820 -26.388042 34.819510 -55
1530691355.861061 -26.377489 34.962175 -94
1530691355.861061 -26.377489 34.962175 -58
1530691358.941555 -26.331847 35.560868 -94
1530691358.941555 -26.331847 35.560868 -55
1530691361.984559 -26.276960 36.208161 -94
1530691361.984559 -26.276960 36.208161 -59
1530691365.106547 -26.197069 37.038093 -94
1530691365.106547 -26.197069 37.038093 -53
1530691368.199658 -26.114002 37.740622 -94
1530691368.199658 -26.114002 37.740622 -57
1530691371.074869 -26.038073 38.330426 -94
1530691371.074869 -26.038073 38.330426 -67
1530691374.184048 -26.019364 38.480299 -94
1530691374.184048 -26.019364 38.480299 -63
1530691377.099064 -25.959272 38.930135 -94
1530691377.099064 -25.959272 38.930135 -66
1530691380.193055 -25.878930 39.475235 -94
1530691380.193055 -25.878930 39.475235 -65
1530691383.274751 -25.828436 39.827481 -94
1530691383.274751 -25.828436 39.827481 -66
1530691386.245713 -25.819682 39.886423 -94
1530691386.245713 -25.819682 39.886423 -70
1530691389.261861 -25.778720 40.157050 -94
1530691389.261861 -25.778720 40.157050 -63
1530691392.218433 -25.704880 40.562735 -94
1530691392.218433 -25.704880 40.562735 -69
1530691395.251541 -25.588039 41.072465 -94
1530691395.251541 -25.588039 41.072465 -69
1530691398.252604 -25.455141 41.580710 -94
1530691398.252604 -25.455141 41.580710 -71
1530691401.406640 -25.401723 41.775385 -94
1530691401.406640 -25.401723 41.775385 -65
1530691404.356507 -25.401723 41.775385 -94
1530691404.356507 -25.401723 41.775385 -65
1530691407.489199 -25.353924 41.961004 -94
1530691407.489199 -25.353924 41.961004 -68
1530691410.443203 -25.204128 42.519259 -94
1530691410.443203 -25.204128 42.519259 -67
1530691413.513563 -25.101450 42.883795 -94
1530691413.513563 -25.101450 42.883795 -69
1530691416.440255 -25.101450 42.883795 -94
1530691416.440255 -25.101450 42.883795 -66
1530691419.614839 -25.019535 43.170323 -94
1530691419.614839 -25.019535 43.170323 -67
1530691422.618266 -24.894092 43.596927 -94
1530691422.618266 -24.894092 43.596927 -64
1530691425.685931 -24.720771 44.135770 -94
1530691425.685931 -24.720771 44.135770 -69
1530691428.691960 -24.499435 44.754749 -94
1530691428.691960 -24.499435 44.754749 -66
1530691431.666714 -24.290932 45.312310 -94
1530691431.666714 -24.290932 45.312310 -71
1530691434.719868 -24.092447 45.801595 -94
1530691434.719868 -24.092447 45.801595 -73
1530691437.828165 -23.888265 46.261601 -94
1530691437.828165 -23.888265 46.261601 -63
1530691440.764672 -23.711626 46.641266 -94
1530691440.764672 -23.711626 46.641266 -64
1530691443.841868 -23.559454 46.916949 -94
1530691443.841868 -23.559454 46.916949 -68
1530691446.903445 -23.324867 47.291379 -94
1530691446.903445 -23.324867 47.291379 -69
1530691449.834212 -23.036568 47.702974 -94
1530691449.834212 -23.036568 47.702974 -67
1530691452.847056 -22.700117 48.159225 -94
1530691452.847056 -22.700117 48.159225 -68
1530691456.089407 -22.488041 48.434686 -94
1530691456.089407 -22.488041 48.434686 -67
1530691458.952846 -22.154460 48.825417 -94
1530691458.952846 -22.154460 48.825417 -66
1530691461.931601 -21.774942 49.258072 -94
1530691461.931601 -21.774942 49.258072 -71
1530691464.968580 -21.551752 49.508080 -94
1530691464.968580 -21.551752 49.508080 -68
1530691468.047209 -21.161881 49.932149 -94
1530691468.047209 -21.161881 49.932149 -68
1530691471.132226 -21.018955 50.081242 -94
1530691471.132226 -21.018955 50.081242 -70
1530691474.154999 -20.805979 50.292201 -94
1530691474.154999 -20.805979 50.292201 -66
1530691477.180902 -20.340652 50.690306 -94
1530691477.180902 -20.340652 50.690306 -67
1530691480.249182 -20.093594 50.892672 -94
1530691480.249182 -20.093594 50.892672 -63
1530691483.259680 -19.655692 51.248287 -94
1530691483.259680 -19.655692 51.248287 -60
1530691486.279671 -19.570140 51.315855 -94
1530691486.279671 -19.570140 51.315855 -63
1530691489.310261 -19.243595 51.573779 -94
1530691489.310261 -19.243595 51.573779 -68
1530691492.358747 -18.848154 51.882942 -94
1530691492.358747 -18.848154 51.882942 -65
1530691495.345050 -18.430922 52.193924 -94
1530691495.345050 -18.430922 52.193924 -70
1530691498.340826 -17.907805 52.560944 -94
1530691498.340826 -17.907805 52.560944 -71
1530691501.273795 -17.303223 52.969344 -94
1530691501.273795 -17.303223 52.969344 -72
1530691504.438190 -16.655877 53.379890 -94
1530691504.438190 -16.655877 53.379890 -67
1530691507.530074 -15.911867 53.783677 -94
1530691507.530074 -15.911867 53.783677 -68
1530691510.561095 -15.161805 54.115997 -94
1530691510.561095 -15.161805 54.115997 -71
1530691513.400353 -14.657980 54.290207 -94
1530691513.400353 -14.657980 54.290207 -62
1530691516.531579 -14.657980 54.290207 -94
1530691516.531579 -14.657980 54.290207 -63
1530691519.549013 -14.657980 54.290207 -94
1530691519.549013 -14.657980 54.290207 -62
1530691522.635195 -14.583496 54.321591 -94
1530691522.635195 -14.583496 54.321591 -65
1530691525.677928 -14.156865 54.496238 -94
1530691525.677928 -14.156865 54.496238 -64
1530691528.759551 -13.610463 54.714371 -94
1530691528.759551 -13.610463 54.714371 -64
1530691531.604987 -13.132277 54.908166 -94
1530691531.604987 -13.132277 54.908166 -66
1530691534.677703 -12.703099 55.074459 -94
1530691534.677703 -12.703099 55.074459 -66
1530691537.686277 -12.282261 55.219495 -94
1530691537.686277 -12.282261 55.219495 -66
1530691540.851524 -11.845555 55.334529 -94
1530691540.851524 -11.845555 55.334529 -62
1530691543.837907 -11.485656 55.414316 -94
1530691543.837907 -11.485656 55.414316 -68
1530691546.899655 -11.173158 55.474518 -94
1530691546.899655 -11.173158 55.474518 -69
1530691549.958812 -10.853951 55.539541 -94
1530691549.958812 -10.853951 55.539541 -64
1530691552.813813 -10.737472 55.569893 -94
1530691552.813813 -10.737472 55.569893 -66
1530691555.988471 -10.839477 55.543556 -94
1530691555.988471 -10.839477 55.543556 -62
1530691558.989667 -10.906132 55.526102 -94
1530691558.989667 -10.906132 55.526102 -64
1530691561.992449 -11.052118 55.488472 -94
1530691561.992449 -11.052118 55.488472 -65
1530691565.159070 -11.052980 55.488248 -94
1530691565.159070 -11.052980 55.488248 -65
1530691568.119330 -10.929676 55.520567 -94
1530691568.119330 -10.929676 55.520567 -64
1530691571.125285 -10.594400 55.606105 -94
1530691571.125285 -10.594400 55.606105 -67
1530691574.038971 -10.419377 55.651058 -94
1530691574.038971 -10.419377 55.651058 -63
1530691577.190854 -10.041151 55.745556 -94
1530691577.190854 -10.041151 55.745556 -68
1530691580.130114 -9.612886 55.830382 -94
1530691580.130114 -9.612886 55.830382 -66
1530691583.218611 -8.659810 56.020381 -94
1530691583.218611 -8.659810 56.020381 -67
1530691586.189994 -8.171836 56.099709 -94
1530691586.189994 -8.171836 56.099709 -71
1530691589.254009 -8.172513 56.099625 -94
1530691589.254009 -8.172513 56.099625 -68
1530691592.251291 -7.978537 56.122406 -94
1530691592.251291 -7.978537 56.122406 -69
1530691595.334855 -7.686514 56.151078 -94
1530691595.334855 -7.686514 56.151078 -70
1530691598.479169 -7.396679 56.167090 -94
1530691598.479169 -7.393586 56.167211 -68
1530691601.391381 -6.992337 56.171969 -94
1530691601.391381 -6.992337 56.171969 -69
1530691604.349281 -6.902254 56.167501 -94
1530691604.349281 -6.902254 56.167501 -66
1530691607.405433 -6.887627 56.166784 -94
1530691607.405433 -6.887627 56.166784 -67
1530691610.478761 -6.539435 56.139521 -94
1530691610.478761 -6.539435 56.139521 -66
1530691613.541755 -6.537696 56.139341 -94
1530691613.541755 -6.537696 56.139341 -65
1530691616.587502 -6.537696 56.139341 -94
1530691616.587502 -6.537696 56.139341 -66
1530691619.499426 -6.537696 56.139341 -94
1530691619.499426 -6.537696 56.139341 -66
1530691622.544331 -6.537696 56.139341 -94
1530691622.544331 -6.537696 56.139341 -64
1530691625.516805 -6.537696 56.139341 -94
1530691625.516805 -6.537696 56.139341 -65
1530691628.648047 -6.537696 56.139341 -94
1530691628.648047 -6.537696 56.139341 -65
1530691631.689225 -6.537696 56.139341 -94
1530691631.689225 -6.537696 56.139341 -65
1530691634.654498 -6.537696 56.139341 -94
1530691634.654498 -6.537696 56.139341 -69
1530691637.653899 -6.537696 56.139341 -94
1530691637.653899 -6.537696 56.139341 -65
1530691640.737861 -6.537696 56.139341 -94
1530691640.737861 -6.537696 56.139341 -66
1530691643.833958 -7.060448 56.181737 -94
1530691643.833958 -7.060448 56.181737 -67
1530691646.908981 -7.522472 56.212541 -94
1530691646.908981 -7.522472 56.212541 -69
1530691649.903687 -7.671116 56.222338 -94
1530691649.903687 -7.671116 56.222338 -64
1530691652.963368 -8.115175 56.249714 -94
1530691652.963368 -8.115175 56.249714 -69
1530691655.947903 -8.318653 56.263233 -94
1530691655.947903 -8.318653 56.263233 -66
1530691658.961345 -8.526369 56.281871 -94
1530691658.961345 -8.526369 56.281871 -68
1530691662.003683 -9.084858 56.338334 -94
1530691662.003683 -9.084858 56.338334 -67
1530691664.938459 -9.521772 56.403642 -94
1530691664.938459 -9.521772 56.403642 -71
1530691668.049361 -9.675988 56.431904 -94
1530691668.049361 -9.675988 56.431904 -66
1530691671.017221 -9.675988 56.431904 -94
1530691671.017221 -9.675988 56.431904 -65
1530691674.174849 -9.675988 56.431904 -94
1530691674.174849 -9.675988 56.431904 -67
1530691677.186431 -9.675988 56.431904 -94
1530691677.186431 -9.675988 56.431904 -65
1530691680.222233 -9.972477 56.498645 -94
1530691680.222233 -9.972477 56.498645 -69
1530691683.168183 -10.116596 56.531470 -94
1530691683.168183 -10.116596 56.531470 -70
1530691686.300380 -10.167169 56.541280 -94
1530691686.300380 -10.167169 56.541280 -67
1530691689.255267 -10.381829 56.587140 -94
1530691689.255267 -10.381829 56.587140 -66
1530691692.404629 -10.646849 56.647423 -94
1530691692.404629 -10.646849 56.647423 -64
1530691695.326652 -10.972645 56.745508 -94
1530691695.326652 -10.972645 56.745508 -68
1530691698.360112 -11.161406 56.813673 -94
1530691698.360112 -11.161406 56.813673 -66
1530691701.296554 -11.161946 56.813871 -94
1530691701.296554 -11.161946 56.813871 -70
1530691704.439939 -11.452744 56.919764 -94
1530691704.439939 -11.452744 56.919764 -63
1530691707.434620 -11.767512 57.025199 -94
1530691707.434620 -11.767512 57.025199 -64
1530691710.476715 -11.774384 57.027314 -94
1530691710.476715 -11.774384 57.027314 -66
1530691713.455475 -12.291664 57.190809 -94
1530691713.455475 -12.291664 57.190809 -62
1530691716.469903 -12.944758 57.402660 -94
1530691716.469903 -12.944758 57.402660 -64
1530691719.561374 -13.860703 57.761949 -94
1530691719.561374 -13.860703 57.761949 -60
1530691722.569622 -14.694398 58.193106 -94
1530691722.569622 -14.694398 58.193106 -67
1530691725.544683 -15.854166 58.904958 -94
1530691725.544683 -15.854166 58.904958 -66
1530691728.637175 -17.017593 59.703585 -94
1530691728.637175 -17.017593 59.703585 -70
1530691731.769267 -18.032919 60.487285 -94
1530691731.769267 -18.032919 60.487285 -68
1530691734.654326 -18.916140 61.331905 -94
1530691734.654326 -18.916140 61.331905 -70
1530691737.736387 -19.947947 62.352884 -94
1530691737.736387 -19.947947 62.352884 -65
1530691740.733670 -20.942870 63.290075 -94
1530691740.733670 -20.942870 63.290075 -64
1530691743.668884 -21.879287 64.332939 -94
1530691743.668884 -21.879287 64.332939 -70
1530691746.828173 -22.830336 65.624891 -94
1530691746.828173 -22.830336 65.624891 -68
1530691749.942145 -23.610105 66.789391 -94
1530691749.942145 -23.610105 66.789391 -65
1530691752.902055 -24.085920 67.581273 -94
1530691752.902055 -24.085920 67.581273 -68
1530691756.003501 -24.085920 67.581273 -94
1530691756.003501 -24.085920 67.581273 -68
1530691758.974706 -24.085920 67.581273 -94
1530691758.974706 -24.085920 67.581273 -69
1530691762.073975 -24.085920 67.581273 -94
1530691762.073975 -24.085920 67.581273 -67
1530691765.002957 -24.085920 67.581273 -94
1530691765.002957 -24.085920 67.581273 -70
1530691768.005991 -24.085920 67.581273 -94
1530691768.005991 -24.085920 67.581273 -66
1530691771.052791 -24.085920 67.581273 -94
1530691771.052791 -24.085920 67.581273 -68
1530691774.056092 -24.085920 67.581273 -94
1530691774.056092 -24.085920 67.581273 -70
1530691777.071046 -24.085920 67.581273 -94
1530691777.071046 -24.085920 67.581273 -70
1530691780.269956 -24.085920 67.581273 -94
1530691780.269956 -24.085920 67.581273 -68
1530691783.191344 -24.085920 67.581273 -94
1530691783.191344 -24.085920 67.581273 -66
1530691786.227751 -24.085920 67.581273 -94
1530691786.227751 -24.085920 67.581273 -68
1530691789.301297 -24.085920 67.581273 -94
1530691789.301297 -24.085920 67.581273 -72
1530691792.334016 -24.085920 67.581273 -94
1530691792.334016 -24.085920 67.581273 -65
1530691795.339963 -24.085920 67.581273 -94
1530691795.339963 -24.085920 67.581273 -67
1530691798.289609 -24.085920 67.581273 -94
1530691798.289609 -24.085920 67.581273 -70
1530691801.326374 -24.085920 67.581273 -94
1530691801.326374 -24.085920 67.581273 -68
1530691804.378508 -24.085920 67.581273 -94
1530691804.378508 -24.085920 67.581273 -68
1530691807.408922 -24.085920 67.581273 -94
1530691807.408922 -24.085920 67.581273 -66
1530691810.526254 -24.085920 67.581273 -94
1530691810.526254 -24.085920 67.581273 -65
1530691813.610972 -24.085920 67.581273 -94
1530691813.610972 -24.085920 67.581273 -68
1530691816.562536 -24.085920 67.581273 -94
1530691816.562536 -24.085920 67.581273 -66
1530691819.539349 -24.085920 67.581273 -94
1530691819.539349 -24.085920 67.581273 -66
1530691822.636278 -24.085920 67.581273 -94
1530691822.636278 -24.085920 67.581273 -66
1530691825.524578 -24.085920 67.581273 -94
1530691825.524578 -24.085920 67.581273 -66
1530691828.584460 -24.085920 67.581273 -94
1530691828.584460 -24.085920 67.581273 -66
1530691831.748564 -24.085920 67.581273 -94
1530691831.748564 -24.085920 67.581273 -66
1530691834.663404 -24.085920 67.581273 -94
1530691834.663404 -24.085920 67.581273 -66
1530691837.765895 -24.085920 67.581273 -94
1530691837.765895 -24.085920 67.581273 -67
1530691840.790283 -24.085920 67.581273 -94
1530691840.790283 -24.085920 67.581273 -66
1530691843.896007 -24.085920 67.581273 -94
1530691843.896007 -24.085920 67.581273 -67
1530691846.885939 -24.085920 67.581273 -94
1530691846.885939 -24.085920 67.581273 -66
1530691849.972359 -24.085920 67.581273 -94
1530691849.972359 -24.085920 67.581273 -65
1530691852.827125 -24.085920 67.581273 -94
1530691852.827125 -24.085920 67.581273 -65
1530691855.867959 -24.085920 67.581273 -94
1530691855.867959 -24.085920 67.581273 -70
1530691858.893947 -24.085920 67.581273 -94
1530691858.893947 -24.085920 67.581273 -67
1530691861.951914 -24.085920 67.581273 -94
1530691861.951914 -24.085920 67.581273 -66
1530691865.045047 -24.085920 67.581273 -94
1530691865.045047 -24.085920 67.581273 -66
1530691868.035239 -24.085920 67.581273 -94
1530691868.035239 -24.085920 67.581273 -66
1530691871.111578 -24.085920 67.581273 -94
1530691871.111578 -24.085920 67.581273 -68
1530691874.046452 -24.085920 67.581273 -94
1530691874.046452 -24.085920 67.581273 -65
1530691877.204815 -24.085920 67.581273 -94
1530691877.204815 -24.085920 67.581273 -67
1530691880.190322 -24.085920 67.581273 -94
1530691880.190322 -24.085920 67.581273 -66
1530691883.179449 -24.085920 67.581273 -94
1530691883.179449 -24.085920 67.581273 -66
1530691886.256427 -24.085920 67.581273 -94
1530691886.256427 -24.085920 67.581273 -65
1530691889.298417 -24.085920 67.581273 -94
1530691889.298417 -24.085920 67.581273 -67
1530691892.367239 -24.085920 67.581273 -94
1530691892.367239 -24.085920 67.581273 -66
1530691895.258534 -24.085920 67.581273 -94
1530691895.258534 -24.085920 67.581273 -67
1530691898.277243 -24.085920 67.581273 -94
1530691898.277243 -24.085920 67.581273 -67
1530691901.344111 -24.085920 67.581273 -94
1530691901.344111 -24.085920 67.581273 -68
1530691904.387064 -24.085920 67.581273 -94
1530691904.387064 -24.085920 67.581273 -65
